00
00
00
00
00
00
00
00
00
00
00
00
00
00
00
00
00
00
00
00
00
00
00
00
00
00
00
00
00
00
00
00
00
00
00
00
00
00
00
00
00
00
01
04
04
01
00
00
00
00
00
00
00
00
00
00
00
00
00
00
00
00
00
00
00
00
00
00
00
02
00
00
00
00
03
00
00
00
00
00
00
00
00
00
00
00
00
00
00
00
00
00
00
00
00
00
02
00
00
7b
7d
09
00
03
00
00
00
00
00
00
00
00
00
00
00
00
00
00
00
00
00
00
00
02
00
34
c6
ff
ff
cf
48
00
02
00
00
00
00
00
00
00
00
00
00
00
00
00
00
00
00
00
02
01
1c
ef
ff
ff
ff
ff
ff
7b
00
02
00
00
00
00
00
00
00
00
00
00
00
00
00
00
00
00
03
00
9f
ff
ff
a6
bd
ff
fc
ff
2c
00
02
00
00
00
00
00
00
00
00
00
00
00
00
00
00
01
00
04
e1
fe
d6
00
00
ab
fe
fe
52
00
03
00
00
00
00
00
00
00
00
00
00
00
00
00
00
01
00
10
e6
ff
86
03
00
5f
ff
ff
4c
00
03
00
00
00
00
00
00
00
00
00
00
00
00
00
00
01
00
10
eb
fe
a4
00
01
6d
ff
ff
4d
00
03
00
00
00
00
00
00
00
00
00
00
00
00
00
00
00
01
02
cc
ff
ff
53
00
a9
ff
ff
4e
00
03
00
00
00
00
00
00
00
00
00
00
00
00
00
00
00
02
00
35
fb
fc
f4
cf
f3
fd
ff
4e
00
03
00
00
00
00
00
00
00
00
00
00
00
00
00
00
00
00
03
00
6d
ff
ff
ff
ff
fc
ff
4e
00
03
00
00
00
00
00
00
00
00
00
00
00
00
00
00
00
00
00
03
00
4a
a2
c5
d1
fc
ff
4e
00
03
00
00
00
00
00
00
00
00
00
00
00
00
00
00
00
00
00
00
02
00
00
00
31
ff
ff
4d
00
03
00
00
00
00
00
00
00
00
00
00
00
00
00
00
00
00
00
00
00
03
06
01
39
ff
ff
4c
00
03
00
00
00
00
00
00
00
00
00
00
00
00
00
00
00
00
00
00
00
00
03
00
35
fe
ff
58
00
03
00
00
00
00
00
00
00
00
00
00
00
00
00
00
00
00
00
00
00
00
02
00
25
fa
ff
6e
00
04
00
00
00
00
00
00
00
00
00
00
00
00
00
00
00
00
00
00
00
00
02
00
15
ea
fc
96
00
04
00
00
00
00
00
00
00
00
00
00
00
00
00
00
00
00
00
00
00
00
01
00
01
df
ff
9a
00
04
00
00
00
00
00
00
00
00
00
00
00
00
00
00
00
00
00
00
00
00
00
02
00
67
bd
31
00
02
00
00
00
00
00
00
00
00
00
00
00
00
00
00
00
00
00
00
00
00
00
00
00
00
00
00
00
00
00
00
00
00
00
00
00
00
00
00
00
00
00
00
00
00
00
00
00
00
00
00
00
02
02
02
00
00
00
00
00
00
00
00
00
00
00
00
00
00
00
00
00
00
00
00
00
00
00
00
00
00
00
00
00
00
00
00
00
00
00
00
00
00
00
00
00
00
00
00
00
00
00
00
00
00
00
00
00
00
00
00
00
00
00
00
00
00
00
00
00
00
00
00
00
00
00
00
00
00
00
00
00
00
00
00
00
00
00
00
00
00
00
00
00
00
00
00
00
00
00
00
00
00
00
00
00
00
00
00
00
00
00
00
00
00
00
00
00
00
00
00
00
00
00
00
00
00
00
00
00
00
00
00
00
00
00
00
00
00
00
00
00
00
00
00
00
00
00
00
00
00
00
