00
00
00
00
00
00
00
00
02
05
04
05
05
03
01
01
01
01
02
04
04
04
02
00
00
00
00
00
00
00
00
00
00
00
00
00
00
00
00
00
00
00
00
00
00
00
00
00
00
00
00
02
00
00
00
00
00
00
00
00
00
00
02
00
21
7b
7e
80
7f
a4
c6
c5
c6
c5
c4
9a
63
4f
22
00
01
00
00
00
00
00
00
00
00
00
02
00
c6
ff
ff
ff
ff
ff
ff
ff
ff
ff
ff
ff
ff
ff
f1
44
01
03
00
00
00
00
00
00
00
00
02
00
79
e7
e7
e9
e9
ea
c3
af
b0
af
cf
ef
fb
f7
ff
97
00
04
00
00
00
00
00
00
00
00
00
00
00
0f
11
11
11
11
00
00
00
00
00
88
fe
ff
c1
1a
02
01
00
00
00
00
00
00
00
00
00
00
02
00
00
00
00
00
01
03
05
04
28
f0
fe
f0
22
00
02
00
00
00
00
00
00
00
00
00
00
00
00
01
01
01
01
01
00
00
03
00
b2
ff
ff
60
00
05
00
00
00
00
00
00
00
00
00
00
00
00
00
00
00
00
00
00
00
01
00
0a
e7
fe
bf
02
03
00
00
00
00
00
00
00
00
00
00
00
00
00
00
00
00
00
00
00
00
03
00
37
fc
ff
74
00
04
00
00
00
00
00
00
00
00
00
00
00
00
00
00
00
00
00
00
00
00
04
00
6f
ff
fd
3e
00
03
00
00
00
00
00
00
00
00
00
00
00
00
00
00
00
00
00
01
01
01
02
00
bd
ff
ec
0e
00
01
00
00
00
00
00
00
00
00
00
00
00
00
00
00
00
00
01
00
00
00
00
15
ef
ff
b8
01
03
01
00
00
00
00
00
00
00
00
00
00
00
00
00
00
00
00
00
11
08
06
03
49
ff
ff
62
00
00
00
02
00
00
00
00
00
00
00
00
00
00
00
00
00
01
04
a1
ea
dc
d9
da
e5
fe
fe
45
11
14
0c
00
00
00
00
00
00
00
00
00
00
00
00
00
01
00
0b
f4
ff
ff
ff
ff
ff
ff
fb
ef
e9
e7
e1
51
00
03
00
00
00
00
00
00
00
00
00
00
00
01
00
38
84
97
97
b5
fe
fd
ff
ff
ff
ff
ff
91
00
04
00
00
00
00
00
00
00
00
00
00
00
00
00
00
00
00
00
76
ff
fc
90
7f
7f
7e
73
10
00
01
00
00
00
00
00
00
00
00
00
00
00
00
00
02
04
06
03
c0
ff
df
00
00
00
00
00
00
00
00
00
00
00
00
00
00
00
00
00
00
00
00
00
00
01
00
14
ea
ff
ae
02
07
04
04
04
01
00
00
00
00
00
00
00
00
00
00
00
00
00
00
00
00
04
00
5b
ff
ff
78
00
04
00
00
00
00
00
00
00
00
00
00
00
00
00
00
00
00
00
00
00
00
04
00
95
ff
f5
27
00
02
00
00
00
00
00
00
00
00
00
00
00
00
00
00
00
00
00
00
00
00
01
02
c9
fb
d7
02
00
00
00
00
00
00
00
00
00
00
00
00
00
00
00
00
00
00
00
00
00
01
00
0c
f1
ff
a7
00
03
00
00
00
00
00
00
00
00
00
00
00
00
00
00
00
00
00
00
00
00
00
02
00
63
a8
22
00
02
00
00
00
00
00
00
00
00
00
00
00
00
00
00
00
00
00
00
00
00
00
00
00
00
00
00
00
00
00
00
00
00
00
00
00
00
00
00
00
00
00
00
00
00
00
00
00
00
00
00
00
03
03
02
00
00
00
00
00
00
00
00
00
00
00
00
00
00
00
00
00
00
00
00
00
00
00
00
00
00
00
00
00
00
00
00
00
00
00
00
00
00
00
