00
00
00
00
00
00
00
00
00
00
00
00
00
00
00
00
00
00
00
00
00
00
00
00
00
00
00
00
00
00
00
00
00
00
00
00
00
00
00
00
02
04
04
04
02
00
00
00
00
00
00
00
00
00
00
00
00
00
00
00
00
00
00
00
00
00
00
02
00
00
00
00
00
02
01
00
00
00
00
00
00
00
00
00
00
00
00
00
00
00
00
00
00
00
02
00
37
7c
7c
7b
35
00
00
00
00
00
00
00
00
00
00
00
00
00
00
00
00
00
00
00
00
03
00
48
fe
ff
ff
ff
fa
ae
17
01
02
00
00
00
00
00
00
00
00
00
00
00
00
00
00
00
01
01
14
e8
ff
ff
ea
fe
ff
ff
b5
00
02
00
00
00
00
00
00
00
00
00
00
00
00
00
00
00
04
00
62
fe
fc
89
11
41
be
fc
ff
3d
00
03
00
00
00
00
00
00
00
00
00
00
00
00
00
00
04
00
5d
ff
ff
13
00
00
2a
fb
fe
a5
00
04
00
00
00
00
00
00
00
00
00
00
00
00
00
00
01
01
09
85
60
01
04
03
20
f7
ff
a2
00
03
00
00
00
00
00
00
00
00
00
00
00
00
00
00
00
00
00
00
00
00
02
00
23
f8
ff
64
00
04
00
00
00
00
00
00
00
00
00
00
00
00
00
00
00
00
01
04
03
00
02
00
21
f8
ff
65
00
04
00
00
00
00
00
00
00
00
00
00
00
00
00
00
00
00
00
00
00
00
02
00
25
f9
ff
67
00
04
00
00
00
00
00
00
00
00
00
00
00
00
00
00
00
00
00
00
00
00
03
00
37
ff
ff
54
00
03
00
00
00
00
00
00
00
00
00
00
00
00
00
00
00
00
00
01
02
02
03
00
36
ff
ff
4c
00
03
00
00
00
00
00
00
00
00
00
00
00
00
00
00
00
00
04
00
00
00
06
03
58
ff
ff
49
00
03
00
00
00
00
00
00
00
00
00
00
00
00
00
00
00
01
00
0f
23
1e
00
00
b2
fe
f5
1d
00
02
02
02
02
00
00
00
00
00
00
00
00
00
00
01
01
00
72
e4
fa
f7
af
84
ff
ff
c4
00
02
00
00
00
00
00
00
00
00
00
00
00
00
00
00
03
00
90
ff
ff
ff
ff
ff
ff
fd
ea
25
00
08
04
40
be
53
00
02
00
00
00
00
00
00
00
01
00
03
eb
f8
f8
fb
fa
ff
fd
fc
c4
27
01
00
00
bb
ff
cd
00
01
00
00
00
00
00
00
00
00
03
00
a9
ff
ff
ff
ff
f0
f0
ff
ff
fa
d1
a1
6a
ea
f9
b9
00
02
00
00
00
00
00
00
00
00
01
01
11
9a
ab
98
71
1f
24
ba
ff
ff
ff
ff
ff
ff
ff
6b
00
04
00
00
00
00
00
00
00
00
00
00
00
00
00
00
00
00
00
00
50
94
bd
ed
f5
f9
a9
06
02
01
00
00
00
00
00
00
00
00
00
00
01
03
03
04
04
01
02
01
00
00
00
15
22
20
00
00
00
00
00
00
00
00
00
00
00
00
00
00
00
00
00
00
00
00
00
00
03
04
02
00
00
00
01
01
00
00
00
00
00
00
00
00
00
00
00
00
00
00
00
00
00
00
00
00
00
00
00
01
02
02
00
00
00
00
00
00
00
00
00
00
00
00
00
00
00
00
00
00
00
00
00
00
00
00
00
00
00
00
00
00
00
00
00
00
00
00
00
00
00
00
00
00
00
00
00
00
00
00
00
00
00
00
00
00
00
00
00
00
00
00
00
00
00
00
00
00
00
00
00
00
00
00
00
00
00
00
00
00
00
00
00
00
00
00
00
00
00
00
00
