00
00
00
00
00
00
00
00
00
00
01
03
03
01
01
03
02
00
00
00
00
00
00
00
00
00
00
00
00
00
00
00
00
00
00
00
00
02
00
00
00
00
00
00
00
03
00
00
00
00
00
00
00
00
00
00
00
00
00
00
00
00
00
00
00
00
06
48
b2
c5
c5
a5
2e
00
01
02
00
00
00
00
00
00
00
00
00
00
00
00
00
00
00
02
00
54
d7
ff
ff
ff
ff
ff
f6
87
03
00
01
00
00
00
00
00
00
00
00
00
00
00
00
00
00
04
00
b3
ff
ff
fd
ba
c3
ff
ff
ff
cc
23
01
02
00
00
00
00
00
00
00
00
00
00
00
00
00
01
00
24
92
84
34
00
00
45
d6
fc
ff
94
00
04
00
00
00
00
00
00
00
00
00
00
00
00
00
00
00
00
00
00
00
02
03
00
13
e0
fd
b4
00
03
00
00
00
00
00
00
00
00
00
00
00
00
00
00
00
02
04
04
02
00
01
05
00
df
fe
a0
00
04
00
00
00
00
00
00
00
00
00
00
00
00
00
00
00
00
00
00
00
00
05
00
6a
ff
ff
87
00
04
00
00
00
00
00
00
00
00
00
00
00
00
00
00
00
00
00
00
04
03
00
52
fe
fc
f4
28
01
02
00
00
00
00
00
00
00
00
00
00
00
00
00
00
00
00
00
00
00
00
73
fe
fd
ff
5d
00
03
00
00
00
00
00
00
00
00
00
00
00
00
00
00
00
00
00
01
02
58
bb
ff
fc
f6
7d
00
03
00
00
00
00
00
00
00
00
00
00
00
00
00
00
00
00
00
04
00
7a
ff
ff
f7
fd
ac
00
01
01
00
00
00
00
00
00
00
00
00
00
00
00
00
00
00
00
00
04
00
86
ff
ff
ff
ff
fb
c6
13
02
02
00
00
00
00
00
00
00
00
00
00
00
00
00
00
00
00
01
00
08
5e
62
6b
e6
ff
ff
aa
00
03
00
00
00
00
00
00
00
00
00
00
00
00
00
00
00
00
00
00
00
00
00
00
18
cc
ff
ff
78
00
03
00
00
00
00
00
00
00
00
00
00
00
00
00
00
00
00
00
01
04
04
05
00
1c
e8
fe
f4
16
00
01
00
00
00
00
00
00
00
00
00
00
00
00
00
00
00
00
00
00
00
00
05
00
6e
ff
ff
39
00
03
00
00
00
00
00
00
00
00
00
00
00
00
00
00
00
00
00
00
00
00
04
02
5b
ff
fc
30
00
03
00
00
00
00
00
00
00
00
00
00
00
00
00
00
02
00
03
04
02
01
05
00
73
ff
f7
22
00
02
00
00
00
00
00
00
00
00
00
00
00
00
00
00
00
00
00
00
00
00
00
15
e5
fd
f6
15
00
01
00
00
00
00
00
00
00
00
00
00
00
00
02
00
53
d2
a6
62
2e
0b
16
bf
ff
ff
8c
00
03
00
00
00
00
00
00
00
00
00
00
00
00
00
04
00
b3
ff
ff
ff
fb
e0
ec
ff
ff
d3
07
02
01
00
00
00
00
00
00
00
00
00
00
00
00
00
02
01
27
b8
ef
ff
ff
ff
ff
ff
e1
3a
00
03
00
00
00
00
00
00
00
00
00
00
00
00
00
00
00
00
00
00
1a
40
7e
cc
c0
69
0f
00
02
00
00
00
00
00
00
00
00
00
00
00
00
00
00
00
00
00
02
01
00
00
00
00
00
00
00
02
00
00
00
00
00
00
00
00
00
00
00
00
00
00
00
00
00
00
00
00
01
03
04
00
01
04
01
00
00
00
00
00
00
00
00
00
00
00
00
00
00
00
00
00
00
00
00
00
00
00
00
00
00
00
00
00
00
00
00
00
00
00
00
00
00
