00
00
00
00
00
00
00
00
00
00
00
00
00
00
02
00
00
00
00
00
00
00
00
00
00
00
00
00
00
00
00
00
00
00
00
00
00
00
00
00
01
03
00
42
6f
0a
00
01
00
00
00
00
00
00
00
00
00
00
00
00
00
00
00
00
00
00
00
03
01
00
75
ff
ff
6f
00
04
00
00
00
00
00
00
00
00
00
00
00
00
00
00
00
00
00
01
03
00
06
99
ff
f9
fb
82
00
04
00
00
00
00
00
00
00
00
00
00
00
00
00
00
00
00
03
00
00
42
c8
ff
ff
fd
ff
7e
00
04
00
00
00
00
00
00
00
00
00
00
00
00
00
00
00
01
00
10
99
ff
ff
ff
da
ec
ff
7f
00
04
00
00
00
00
00
00
00
00
00
00
00
00
00
00
02
02
76
df
ff
ff
fb
81
19
e5
ff
7e
00
04
00
00
00
00
00
00
00
00
00
00
00
00
00
01
00
0c
ff
ff
ff
c9
3c
00
0f
eb
ff
7c
00
04
00
00
00
00
00
00
00
00
00
00
00
00
00
00
02
00
5f
b0
84
0a
00
03
0f
e6
ff
8d
00
04
00
00
00
00
00
00
00
00
00
00
00
00
00
00
00
00
00
00
00
00
04
00
03
d9
ff
99
00
04
00
00
00
00
00
00
00
00
00
00
00
00
00
00
00
00
03
03
04
01
01
00
03
d8
ff
97
00
04
00
00
00
00
00
00
00
00
00
00
00
00
00
00
00
00
00
00
00
00
01
00
08
e0
ff
96
00
04
00
00
00
00
00
00
00
00
00
00
00
00
00
00
00
00
00
00
00
00
02
00
28
f8
ff
78
00
04
00
00
00
00
00
00
00
00
00
00
00
00
00
00
00
00
00
00
00
00
03
00
39
ff
ff
4e
00
03
00
00
00
00
00
00
00
00
00
00
00
00
00
00
00
00
00
00
00
00
03
00
36
ff
ff
4d
00
03
00
00
00
00
00
00
00
00
00
00
00
00
00
00
00
00
00
00
00
00
03
00
36
ff
ff
4a
00
03
00
00
00
00
00
00
00
00
00
00
00
00
00
00
00
00
00
00
00
00
03
00
39
ff
ff
5c
00
03
00
00
00
00
00
00
00
00
00
00
00
00
00
00
00
00
00
00
00
00
02
00
20
f2
ff
82
00
04
00
00
00
00
00
00
00
00
00
00
00
00
00
00
00
00
00
00
00
00
01
00
0e
e7
ff
7a
00
04
00
00
00
00
00
00
00
00
00
00
00
00
00
00
00
00
00
00
03
04
05
04
17
ed
ff
94
04
08
03
02
01
00
00
00
00
00
00
00
00
00
00
00
00
00
00
00
00
00
00
00
00
d6
ff
ad
00
00
00
00
00
01
00
00
00
00
00
00
00
00
00
00
00
00
01
02
66
97
96
97
97
e9
fd
dc
97
8b
41
28
06
00
00
00
00
00
00
00
00
00
00
00
00
03
00
2e
ff
ff
ff
ff
ff
ff
ff
ff
ff
ff
ff
f7
d7
2e
00
02
00
00
00
00
00
00
00
00
00
01
01
0e
ad
d8
d7
d9
d9
dc
dd
dc
da
ff
ff
ff
ff
5b
00
04
00
00
00
00
00
00
00
00
00
00
00
00
00
03
03
03
03
03
04
04
05
39
57
7f
65
04
01
00
00
00
00
00
00
00
00
00
00
00
00
01
02
00
00
00
00
00
00
00
00
00
00
00
00
00
00
00
00
00
00
00
00
00
00
00
00
00
00
00
00
01
01
01
01
01
01
01
01
03
04
04
04
00
00
00
00
00
00
00
00
00
00
00
00
00
00
00
00
00
00
00
00
00
00
00
00
00
00
00
00
00
00
00
00
00
