00
00
00
00
00
01
01
02
02
03
03
03
03
03
03
03
03
03
01
00
00
00
00
00
00
00
00
00
00
00
00
00
02
00
00
00
00
00
00
00
00
00
00
00
00
00
00
00
00
00
00
00
00
00
00
00
00
00
00
00
00
01
12
1c
25
36
37
37
37
37
37
37
36
37
0b
00
01
00
00
00
00
00
00
00
00
00
02
00
42
d3
ec
f6
fa
ff
ff
ff
ff
ff
ff
ff
ff
ff
ca
07
01
01
00
00
00
00
00
00
00
00
04
00
97
ff
ff
ff
ff
ff
ff
ff
ff
ff
ff
ff
ff
ff
da
08
01
01
00
00
00
00
00
00
00
00
01
02
1a
be
fd
fd
86
53
4f
4e
4d
4d
4d
4d
4c
4d
18
00
01
00
00
00
00
00
00
00
00
00
00
04
00
4b
ff
ff
47
00
00
00
00
00
00
00
00
00
00
00
00
00
00
00
00
00
00
00
00
00
00
02
01
1d
f1
ff
8f
04
08
06
07
08
08
07
05
04
01
00
00
00
00
00
00
00
00
00
00
00
00
01
00
03
de
ff
a8
02
02
00
00
00
00
00
00
00
01
00
00
00
00
00
00
00
00
00
00
00
00
00
02
01
b5
ff
e2
00
03
2a
67
7e
7f
5a
2a
00
00
01
00
00
00
00
00
00
00
00
00
00
00
00
04
00
78
ff
ef
af
d8
fa
ff
ff
ff
ff
fc
b5
11
00
01
00
00
00
00
00
00
00
00
00
00
00
04
00
70
fd
f8
ff
ff
ff
ff
ee
fc
ff
ff
ff
ce
0d
02
01
00
00
00
00
00
00
00
00
00
00
03
00
3e
ff
ff
f1
b8
89
53
18
34
56
c0
ff
ff
a0
00
03
00
00
00
00
00
00
00
00
00
00
00
01
00
56
6d
1e
00
00
00
00
00
00
08
da
ff
ff
3e
00
03
00
00
00
00
00
00
00
00
00
00
00
01
00
00
00
02
04
03
01
02
06
00
33
f6
ff
97
00
04
00
00
00
00
00
00
00
00
00
00
00
00
03
04
02
00
00
00
00
00
00
01
00
d0
ff
cf
02
01
01
00
00
00
00
00
00
00
00
00
00
00
00
00
00
00
00
00
00
00
00
04
01
9f
ff
db
03
00
01
00
00
00
00
00
00
00
00
00
00
00
02
00
03
00
00
00
00
00
00
04
00
9b
ff
d9
03
00
01
00
00
00
00
00
00
00
00
00
00
00
00
00
00
02
00
00
00
00
00
03
02
b0
ff
cb
01
01
00
00
00
00
00
00
00
00
00
00
02
00
79
d2
5a
00
02
01
00
00
02
04
00
d0
ff
c4
00
01
00
00
00
00
00
00
00
00
00
01
01
02
ea
ff
ff
81
00
00
05
03
00
00
49
f7
fe
9e
00
04
00
00
00
00
00
00
00
00
00
00
02
00
52
f4
ff
ff
b6
10
00
00
14
7a
fa
fc
ff
47
00
03
00
00
00
00
00
00
00
00
00
00
00
02
00
39
e2
ff
ff
da
97
a7
e9
ff
ff
ff
7c
00
03
00
00
00
00
00
00
00
00
00
00
00
00
00
04
00
14
c5
ff
ff
ff
ff
ff
ff
eb
61
00
03
00
00
00
00
00
00
00
00
00
00
00
00
00
00
00
03
00
0d
85
d0
d7
d8
c4
6a
1b
00
02
00
00
00
00
00
00
00
00
00
00
00
00
00
00
00
00
00
01
00
00
00
03
04
00
00
00
03
00
00
00
00
00
00
00
00
00
00
00
00
00
00
00
00
00
00
00
01
04
00
00
00
01
04
01
00
00
00
00
00
00
00
00
00
00
00
00
00
00
00
00
00
00
00
00
00
00
00
01
01
00
00
00
00
00
00
00
00
00
00
00
00
00
