00
00
00
00
00
00
00
00
00
00
00
00
00
01
04
04
01
00
00
00
00
00
00
00
00
00
00
00
00
00
00
00
00
00
00
00
00
00
00
00
01
00
00
00
00
00
00
00
00
00
00
00
00
00
00
00
00
00
00
00
00
00
00
00
00
00
00
03
00
09
8a
93
09
01
01
00
00
00
00
00
00
00
00
00
00
00
00
00
00
00
00
00
00
00
04
00
1a
cd
ff
ff
4a
00
03
00
00
00
00
00
00
00
00
00
00
00
00
00
00
00
00
00
00
03
00
39
d6
ff
ff
c9
17
01
01
00
00
00
00
00
00
00
00
00
00
00
00
00
00
00
00
00
03
00
30
f2
ff
ff
b0
0d
00
01
00
00
00
00
00
00
00
00
00
00
00
00
00
00
00
00
00
02
00
0d
e4
ff
ff
a6
04
00
02
00
00
00
00
00
00
00
00
00
00
00
00
00
00
00
00
00
01
04
04
9f
ff
ff
97
00
01
02
00
00
00
00
00
00
00
00
00
00
00
00
00
00
00
00
00
00
03
00
9c
ff
ff
ca
00
03
02
00
00
00
00
00
00
00
00
00
00
00
00
00
00
00
00
00
00
03
00
4e
ff
fc
f5
35
01
03
00
00
00
00
00
00
00
00
00
00
00
00
00
00
00
00
00
00
01
03
0c
d6
fd
f9
3e
00
03
00
00
00
00
00
00
00
00
00
00
00
00
00
00
00
00
00
00
00
03
00
84
ff
ff
9e
00
09
03
02
01
00
00
00
00
00
00
00
00
00
00
00
00
00
00
00
00
03
01
34
fa
fe
d2
05
00
00
00
00
00
03
02
00
00
00
00
00
00
00
00
00
00
00
00
00
00
02
00
bd
ff
fe
a6
61
68
5e
38
2a
0c
00
00
02
00
00
00
00
00
00
00
00
00
00
00
00
02
00
28
f8
fe
fe
ff
ff
ff
ff
ff
fa
e2
9e
21
00
02
00
00
00
00
00
00
00
00
00
00
00
04
00
73
ff
fb
fe
ff
f8
f7
ff
ff
ff
ff
ff
f0
3e
00
02
00
00
00
00
00
00
00
00
00
00
04
00
9a
ff
f8
ff
94
22
25
41
51
7d
c3
ff
ff
ec
1b
01
02
00
00
00
00
00
00
00
00
00
03
00
b3
ff
fe
ea
0f
00
00
00
00
00
00
81
ff
ff
64
00
04
00
00
00
00
00
00
00
00
00
03
00
b4
ff
fe
5c
00
05
02
03
03
06
01
10
f0
fe
a1
00
04
00
00
00
00
00
00
00
00
00
03
00
66
ff
fe
54
03
04
00
00
00
00
01
01
c8
ff
b1
00
03
00
00
00
00
00
00
00
00
00
01
00
13
f0
ff
a0
00
05
00
00
00
00
01
02
c4
ff
af
00
03
00
00
00
00
00
00
00
00
00
00
02
01
c4
fd
f0
3f
00
05
00
00
01
02
00
d9
fe
ac
00
03
00
00
00
00
00
00
00
00
00
00
03
00
58
ff
ff
e4
1b
00
04
04
07
00
5d
fb
ff
8e
00
04
00
00
00
00
00
00
00
00
00
00
00
02
00
8a
ff
fd
dd
4d
00
00
00
2b
f4
ff
fa
32
00
02
00
00
00
00
00
00
00
00
00
00
00
00
03
00
a7
ff
ff
ff
b4
86
7f
e3
fd
ff
68
00
03
00
00
00
00
00
00
00
00
00
00
00
00
00
01
03
07
95
ff
ff
ff
ff
ff
ff
ff
a0
00
04
00
00
00
00
00
00
00
00
00
00
00
00
00
00
00
01
00
00
4d
b8
d3
e5
e4
e3
88
04
03
01
00
00
00
00
00
00
00
00
00
00
00
00
00
00
00
00
01
03
00
00
05
12
12
0f
00
00
00
00
00
00
00
00
00
00
00
00
00
