00
00
00
00
00
00
00
00
00
01
02
00
00
00
00
00
01
04
02
00
00
00
00
00
00
00
00
00
00
00
00
00
00
00
00
00
02
00
00
10
18
4a
33
19
00
00
00
03
01
00
00
00
00
00
00
00
00
00
00
00
00
00
00
03
00
05
a2
eb
ee
ff
ff
f1
bd
7f
21
00
00
02
00
00
00
00
00
00
00
00
00
00
00
00
02
00
18
c1
ff
ff
ff
ff
ff
ff
ff
ff
ec
74
04
00
02
00
00
00
00
00
00
00
00
00
00
02
00
32
e7
ff
ff
d3
7f
70
63
a9
d9
ff
ff
ff
c2
22
01
02
00
00
00
00
00
00
00
00
01
03
03
d4
ff
ff
c1
0f
00
00
00
00
07
64
e6
ff
ff
d0
04
02
01
00
00
00
00
00
00
00
03
00
8b
ff
ff
af
08
00
05
04
04
03
00
00
20
bc
ff
ff
89
00
03
00
00
00
00
00
00
03
00
3b
fd
fe
ed
19
00
03
00
00
00
00
00
05
00
0a
da
fe
ff
3e
00
03
00
00
00
00
00
02
04
c8
ff
ff
4d
00
04
00
00
00
00
00
00
00
04
00
33
f9
fe
9d
00
04
00
00
00
00
01
00
14
f2
ff
a8
00
04
00
00
00
00
00
00
00
00
00
02
00
c0
ff
de
09
00
01
00
00
00
03
00
38
fb
ff
63
01
04
00
00
00
00
00
00
00
00
00
04
01
80
ff
eb
12
00
01
00
00
00
03
00
4f
ff
ff
54
00
03
00
00
00
00
00
00
00
00
00
04
00
7c
ff
e9
11
00
01
00
00
00
03
00
50
ff
ff
63
00
04
00
00
00
00
00
00
00
00
00
04
00
88
ff
e6
0f
00
01
00
00
00
02
00
34
f8
ff
77
01
04
00
00
00
00
00
00
00
00
00
03
00
a7
ff
de
03
00
01
00
00
00
01
00
0c
ea
fe
a1
00
03
00
00
00
00
00
00
00
00
02
00
1d
f5
ff
c6
01
01
00
00
00
00
01
01
02
cc
ff
fe
52
01
03
00
00
00
00
00
00
00
03
01
41
ff
ff
6e
00
04
00
00
00
00
00
02
00
2b
ee
ff
ae
00
03
00
00
00
00
00
00
00
04
00
73
ff
fe
40
00
03
00
00
00
00
00
00
02
00
bc
ff
f4
29
02
02
00
00
00
00
00
01
03
06
cd
fe
ec
0e
00
01
00
00
00
00
00
00
03
01
4a
fd
ff
a0
00
04
00
00
00
00
00
03
00
7d
ff
ff
9f
00
03
00
00
00
00
00
00
00
00
02
00
c4
fd
fa
5b
00
03
00
00
00
03
02
27
f8
fd
e7
16
01
02
00
00
00
00
00
00
00
00
03
01
3c
ff
fe
ff
2f
00
05
03
03
02
00
9a
ff
ff
5c
00
03
00
00
00
00
00
00
00
00
00
00
02
00
67
ff
fc
cf
0e
00
00
00
06
69
fd
fe
c5
00
03
00
00
00
00
00
00
00
00
00
00
00
00
03
00
a6
ff
ff
c6
38
52
a6
d8
ff
fd
ff
3e
01
03
00
00
00
00
00
00
00
00
00
00
00
00
01
04
06
a8
ff
ff
ff
ff
ff
ff
ff
ff
68
00
03
00
00
00
00
00
00
00
00
00
00
00
00
00
00
01
01
02
ad
ff
ff
ff
f1
ba
81
37
00
03
00
00
00
00
00
00
00
00
00
00
00
00
00
00
00
00
02
00
02
47
4d
4a
1f
00
00
00
02
00
00
00
00
00
00
00
00
00
00
00
00
00
00
00
00
00
00
01
00
00
00
00
00
02
04
02
00
00
00
00
00
00
00
00
00
00
00
00
00
00
00
00
00
00
00
00
01
03
04
04
02
00
00
00
00
00
00
00
00
00
00
00
00
