00
00
00
00
00
00
00
00
00
00
01
04
01
00
00
00
00
00
00
03
00
00
00
00
00
00
00
00
00
00
00
00
00
00
00
00
00
02
00
00
00
26
70
7c
98
cf
42
00
03
00
00
00
00
00
00
00
00
00
00
00
00
00
00
00
03
00
04
7b
c3
f4
ff
ff
ff
ff
f8
65
00
02
00
00
00
00
00
00
00
00
00
00
00
00
00
01
00
2a
ba
ff
ff
ff
ff
ed
ee
ff
ff
ff
38
01
03
00
00
00
00
00
00
00
00
00
00
00
02
02
8c
fb
ff
ff
e0
9b
5e
19
15
5c
f8
fe
b8
00
02
00
00
00
00
00
00
00
00
00
00
03
00
4e
ff
fc
ff
ab
16
00
00
00
00
00
ad
ff
f9
34
00
02
00
00
00
00
00
00
00
00
00
04
00
6d
fd
fb
61
00
00
04
03
01
05
03
47
fd
ff
7a
00
04
00
00
00
00
00
00
00
00
00
04
00
7c
ff
ed
0a
02
03
00
00
00
01
00
0b
e5
ff
95
00
04
00
00
00
00
00
00
00
00
00
04
00
82
fe
f4
25
01
02
00
00
00
01
00
04
d8
ff
ad
00
03
00
00
00
00
00
00
00
00
00
03
00
4a
ff
ff
af
00
05
01
00
00
01
03
00
d7
ff
b1
00
03
00
00
00
00
00
00
00
00
00
00
02
01
c0
ff
ff
50
00
04
04
04
05
00
25
f2
ff
b0
00
03
00
00
00
00
00
00
00
00
00
00
02
00
23
f4
fb
e7
36
00
00
00
00
57
dc
fd
ff
b1
00
03
00
00
00
00
00
00
00
00
00
00
00
04
00
7b
ff
ff
f8
c9
9b
60
93
ff
ff
fe
ff
b1
00
03
00
00
00
00
00
00
00
00
00
00
00
01
03
03
91
ff
ff
ff
ff
ff
ff
ff
f5
e9
ff
b0
00
03
00
00
00
00
00
00
00
00
00
00
00
00
00
01
00
40
99
d0
f9
ff
fd
db
45
b8
ff
af
00
03
00
00
00
00
00
00
00
00
00
00
00
00
00
00
03
00
00
00
2a
36
31
07
00
cf
ff
b1
00
03
00
00
00
00
00
00
00
00
00
00
00
00
00
00
00
03
03
00
00
00
00
00
06
da
ff
9f
00
04
00
00
00
00
00
00
00
00
00
00
00
00
00
00
00
00
00
00
02
03
03
02
06
d8
ff
95
00
04
00
00
00
00
00
00
00
00
00
00
00
00
00
00
00
01
04
04
03
03
04
00
00
da
ff
98
00
04
00
00
00
00
00
00
00
00
00
00
00
00
00
00
00
00
00
00
00
00
00
0a
71
f5
fc
94
00
04
00
00
00
00
00
00
00
00
00
00
00
00
00
01
00
07
5b
54
4d
58
a6
d6
ff
ff
ff
5b
00
03
00
00
00
00
00
00
00
00
00
00
00
00
00
04
00
88
ff
ff
ff
ff
ff
ff
ff
e8
73
01
02
00
00
00
00
00
00
00
00
00
00
00
00
00
00
03
00
61
f5
ff
ff
ff
fb
d2
a6
1b
00
01
00
00
00
00
00
00
00
00
00
00
00
00
00
00
00
00
01
00
23
37
36
36
2b
02
00
00
03
00
00
00
00
00
00
00
00
00
00
00
00
00
00
00
00
00
00
01
00
00
00
00
00
00
03
01
00
00
00
00
00
00
00
00
00
00
00
00
00
00
00
00
00
00
00
00
02
03
03
03
02
01
00
00
00
00
00
00
00
00
00
00
00
00
00
00
00
00
00
00
00
00
00
00
00
00
00
00
00
00
00
00
00
00
00
00
00
00
00
00
00
00
00
00
00
00
00
00
00
00
00
00
00
00
00
00
00
00
00
00
00
00
00
00
00
00
00
00
