00
00
00
00
00
00
00
00
00
00
00
03
00
00
3c
6a
47
13
00
03
01
00
00
00
00
00
00
00
00
00
00
00
00
00
00
00
00
00
02
00
10
84
ff
ff
ff
e3
44
00
01
01
00
00
00
00
00
00
00
00
00
00
00
00
00
00
00
02
00
48
e3
ff
c3
5c
8c
fd
ff
8f
02
01
01
00
00
00
00
00
00
00
00
00
00
00
00
00
03
00
47
ff
fd
63
00
00
00
32
d3
ff
ac
04
02
01
00
00
00
00
00
00
00
00
00
00
00
00
02
00
34
b7
42
00
02
04
05
00
0f
b1
ff
6a
00
04
00
00
00
00
00
00
00
00
00
00
00
00
00
00
00
00
00
03
00
00
00
05
00
18
f4
d7
04
01
00
00
00
00
00
00
00
00
00
00
00
00
00
00
01
02
03
00
00
00
00
00
03
00
be
fe
0f
00
01
00
00
00
00
00
00
00
00
00
00
00
00
00
00
00
00
00
00
00
00
00
03
03
b4
fc
0e
00
01
00
00
00
00
00
00
00
00
00
00
00
00
00
00
00
00
00
00
00
00
01
06
00
b7
ff
0f
00
01
00
00
00
00
00
00
00
00
00
00
00
00
00
00
00
00
00
00
00
03
01
00
35
f2
e1
07
01
01
00
00
00
00
00
00
00
00
00
00
00
00
00
00
00
03
04
03
03
00
04
92
ff
ff
58
00
03
00
00
00
00
00
00
00
00
00
00
00
00
00
00
00
00
00
00
00
00
48
c7
ff
c6
5d
00
02
00
00
00
00
00
00
00
00
00
00
00
00
00
00
00
01
01
5f
9b
ad
bf
ff
ff
f8
84
00
00
01
00
00
00
00
00
00
00
00
00
00
00
00
00
00
01
01
02
eb
ff
ff
ff
e1
ca
f5
ff
d3
2f
00
02
00
00
00
00
00
00
00
00
00
00
00
00
00
00
02
00
39
a9
76
2a
0a
00
1c
86
ff
d6
06
01
00
00
00
00
00
00
00
00
00
00
00
00
00
00
00
00
00
00
00
00
00
01
00
00
a9
ff
2f
00
03
00
00
00
00
00
00
00
00
00
00
00
00
00
00
00
02
03
03
02
01
00
05
02
57
fe
71
00
04
00
00
00
00
00
00
00
00
00
00
00
00
00
00
00
00
00
00
00
00
00
03
00
39
ff
7a
00
04
00
00
00
00
00
00
00
00
00
00
00
00
00
00
00
00
00
00
00
00
00
03
00
4c
fe
64
00
04
00
00
00
00
00
00
00
00
00
00
00
00
00
00
00
00
00
00
00
00
00
04
00
8e
ff
43
00
03
00
00
00
00
00
00
00
00
00
00
00
00
00
00
00
00
00
00
00
00
00
01
05
e4
eb
07
00
01
00
00
00
00
00
00
00
00
00
00
00
00
00
00
00
02
00
00
00
00
02
02
20
ff
ad
00
03
00
00
00
00
00
00
00
00
00
00
00
00
00
00
00
00
00
01
01
01
01
05
00
60
ff
6f
00
04
00
00
00
00
00
00
00
00
00
00
00
00
00
00
00
03
25
00
00
00
00
00
23
dd
fb
2b
00
02
00
00
00
00
00
00
00
00
00
00
00
00
00
03
00
54
ff
d2
d0
d1
d1
d0
fb
ff
6f
00
03
00
00
00
00
00
00
00
00
00
00
00
00
00
00
01
01
1b
bc
e8
e8
e9
e9
e8
da
73
00
02
00
00
00
00
00
00
00
00
00
00
00
00
00
00
00
00
00
00
00
01
01
01
01
01
00
00
01
00
00
00
00
00
00
00
00
00
00
00
00
00
00
00
00
00
00
01
02
00
00
00
00
00
00
04
00
00
00
00
00
00
00
00
