0.9882
0.4667
0.0353
0.3333
0.0196
0.1961
0.2275
0.2000
0.2078
0.1882
0.2980
0.1647
0.2314
0.3059
0.0706
0.1569
0.2667
0.2745
0.1333
0.0510
0.0392
0.0745
0.1216
0.0471
0.0471
0.0471
0.0353
0.1765
0.9333
0.4353
0.0000
0.0627
0.0471
0.0431
0.0392
0.0471
0.0471
0.0392
0.0353
0.0471
0.0471
0.0588
0.0471
0.0431
0.0431
0.0471
0.0549
0.0510
0.0510
0.0471
0.0431
0.0627
0.0667
0.0667
0.0588
0.0588
0.9647
0.4353
0.0000
0.0314
0.0196
0.0196
0.0196
0.0196
0.0196
0.0196
0.0196
0.0196
0.0196
0.0157
0.0196
0.0196
0.0196
0.0196
0.0196
0.0314
0.0353
0.0314
0.0118
0.0000
0.0000
0.0000
0.0000
0.0275
0.9882
0.4706
0.0000
0.0118
0.0000
0.0000
0.0000
0.0000
0.0000
0.0000
0.0000
0.0000
0.0000
0.0000
0.0000
0.0000
0.0039
0.0078
0.0000
0.0000
0.0000
0.0000
0.0392
0.2392
0.3922
0.3843
0.1804
0.0000
0.9843
0.4627
0.0000
0.0157
0.0000
0.0000
0.0000
0.0000
0.0000
0.0000
0.0000
0.0000
0.0000
0.0000
0.0039
0.0118
0.0000
0.0000
0.0392
0.2745
0.4431
0.6275
0.8863
1.0000
1.0000
1.0000
0.9961
0.6039
0.9843
0.4627
0.0000
0.0157
0.0000
0.0000
0.0000
0.0000
0.0000
0.0000
0.0000
0.0000
0.0000
0.0118
0.0000
0.0000
0.1765
0.6000
0.8667
1.0000
1.0000
1.0000
1.0000
0.9961
0.9843
0.9843
1.0000
1.0000
0.9843
0.4667
0.0000
0.0157
0.0000
0.0000
0.0000
0.0000
0.0000
0.0000
0.0000
0.0000
0.0118
0.0000
0.0706
0.5686
0.9765
1.0000
1.0000
0.9922
0.9843
0.9843
0.9922
1.0000
1.0000
1.0000
0.9961
0.9882
0.9843
0.4627
0.0000
0.0157
0.0000
0.0000
0.0000
0.0000
0.0000
0.0000
0.0000
0.0118
0.0000
0.2941
0.8745
1.0000
1.0000
0.9843
0.9922
1.0000
1.0000
1.0000
1.0000
1.0000
1.0000
1.0000
1.0000
1.0000
0.9843
0.4667
0.0000
0.0157
0.0000
0.0000
0.0000
0.0000
0.0000
0.0000
0.0118
0.0000
0.4431
1.0000
1.0000
0.9843
0.9961
1.0000
1.0000
1.0000
1.0000
1.0000
1.0000
1.0000
1.0000
1.0000
1.0000
1.0000
0.9843
0.4667
0.0000
0.0157
0.0000
0.0000
0.0000
0.0000
0.0000
0.0118
0.0000
0.2941
1.0000
0.9882
0.9922
1.0000
1.0000
1.0000
1.0000
1.0000
1.0000
0.9961
0.9882
0.9922
1.0000
1.0000
1.0000
1.0000
0.9843
0.4667
0.0000
0.0157
0.0000
0.0000
0.0000
0.0000
0.0039
0.0039
0.0784
0.9137
0.9961
0.9922
1.0000
1.0000
1.0000
1.0000
1.0000
0.9922
0.9882
1.0000
1.0000
1.0000
1.0000
1.0000
1.0000
1.0000
0.9843
0.4667
0.0000
0.0157
0.0000
0.0000
0.0000
0.0000
0.0118
0.0000
0.2667
1.0000
0.9882
1.0000
1.0000
1.0000
1.0000
1.0000
0.9922
1.0000
1.0000
0.9098
0.7490
0.8314
1.0000
0.9961
1.0000
1.0000
0.9843
0.4667
0.0000
0.0157
0.0000
0.0000
0.0000
0.0000
0.0157
0.0000
0.4353
0.9961
0.9843
1.0000
1.0000
1.0000
1.0000
0.9961
1.0000
0.7804
0.3490
0.0784
0.0000
0.4196
1.0000
0.9843
1.0000
1.0000
0.9843
0.4667
0.0000
0.0157
0.0000
0.0000
0.0000
0.0000
0.0157
0.0000
0.4627
1.0000
0.9843
1.0000
1.0000
1.0000
0.9961
0.9961
0.4471
0.0000
0.0000
0.0039
0.0078
0.4275
1.0000
0.9843
1.0000
1.0000
0.9843
0.4667
0.0000
0.0157
0.0000
0.0000
0.0000
0.0000
0.0157
0.0000
0.3333
0.9961
0.9843
1.0000
1.0000
1.0000
0.9961
0.9961
0.1647
0.0000
0.0235
0.0157
0.0000
0.2706
1.0000
0.9922
1.0000
1.0000
0.9843
0.4667
0.0000
0.0157
0.0000
0.0000
0.0000
0.0000
0.0078
0.0000
0.1765
1.0000
0.9882
0.9961
1.0000
0.9961
0.9843
1.0000
0.2275
0.0000
0.0078
0.0118
0.0000
0.2941
1.0000
0.9882
1.0000
1.0000
0.9843
0.4667
0.0000
0.0157
0.0000
0.0000
0.0000
0.0000
0.0039
0.0078
0.0314
0.7843
1.0000
0.9843
0.9882
0.9843
1.0000
0.7020
0.0039
0.0078
0.0000
0.0157
0.0000
0.3961
1.0000
0.9843
1.0000
1.0000
0.9882
0.4667
0.0000
0.0157
0.0000
0.0000
0.0000
0.0000
0.0000
0.0078
0.0000
0.1137
0.7529
1.0000
1.0000
1.0000
0.7020
0.0745
0.0039
0.0078
0.0000
0.0157
0.0039
0.4784
1.0000
0.9843
1.0000
1.0000
0.9882
0.4667
0.0000
0.0157
0.0000
0.0000
0.0000
0.0000
0.0000
0.0000
0.0039
0.0000
0.0039
0.2588
0.3647
0.2235
0.0000
0.0000
0.0039
0.0000
0.0000
0.0078
0.0000
0.7137
1.0000
0.9882
1.0000
1.0000
0.9882
0.4667
0.0000
0.0157
0.0000
0.0000
0.0000
0.0000
0.0000
0.0000
0.0000
0.0039
0.0000
0.0000
0.0000
0.0000
0.0039
0.0039
0.0000
0.0000
0.0078
0.0000
0.1294
0.9490
0.9961
0.9961
1.0000
1.0000
0.9882
0.4667
0.0000
0.0157
0.0000
0.0000
0.0000
0.0000
0.0000
0.0000
0.0000
0.0000
0.0039
0.0118
0.0157
0.0118
0.0000
0.0000
0.0000
0.0000
0.0157
0.0039
0.3961
1.0000
0.9843
1.0000
1.0000
1.0000
0.9882
0.4667
0.0000
0.0157
0.0000
0.0000
0.0000
0.0000
0.0000
0.0000
0.0000
0.0039
0.0039
0.0039
0.0000
0.0000
0.0000
0.0000
0.0000
0.0000
0.0118
0.0000
0.7176
1.0000
0.9882
1.0000
1.0000
1.0000
0.9882
0.4667
0.0000
0.0157
0.0000
0.0000
0.0000
0.0000
0.0000
0.0118
0.0000
0.0000
0.0000
0.0000
0.0078
0.0118
0.0000
0.0000
0.0000
0.0196
0.0000
0.2980
0.9882
0.9922
1.0000
1.0000
1.0000
1.0000
0.9882
0.4667
0.0000
0.0157
0.0000
0.0000
0.0000
0.0078
0.0078
0.0000
0.0000
0.0667
0.0667
0.0510
0.0000
0.0000
0.0118
0.0039
0.0196
0.0000
0.0627
0.8784
1.0000
0.9922
1.0000
1.0000
1.0000
1.0000
0.9882
0.4667
0.0000
0.0157
0.0000
0.0000
0.0078
0.0000
0.0000
0.3686
0.8039
0.9216
0.9255
0.9020
0.7176
0.2510
0.0000
0.0000
0.0000
0.1294
0.8000
1.0000
0.9922
1.0000
1.0000
1.0000
1.0000
0.9961
0.9882
0.4667
0.0000
0.0157
0.0000
0.0078
0.0000
0.1373
0.7137
1.0000
1.0000
1.0000
1.0000
1.0000
1.0000
1.0000
0.5216
0.1373
0.4627
0.9137
1.0000
0.9882
1.0000
1.0000
1.0000
1.0000
1.0000
1.0000
0.9882
0.4667
0.0000
0.0157
0.0078
0.0000
0.1412
0.9137
1.0000
0.9882
0.9922
0.9961
0.9961
0.9961
0.9882
1.0000
1.0000
0.9647
1.0000
1.0000
0.9922
1.0000
1.0000
1.0000
1.0000
1.0000
1.0000
0.9804
0.9882
0.4667
0.0000
0.0157
0.0078
0.0118
0.7373
1.0000
0.9765
1.0000
1.0000
1.0000
1.0000
1.0000
1.0000
0.9961
0.9882
1.0000
0.9843
0.9961
1.0000
1.0000
1.0000
1.0000
1.0000
0.9922
1.0000
0.5176
